 905510627
 132627571
 317581063
 304691507
 526805253
 805426680
 297603779
 220601394
 723375525
 523931394
  33203280
 314815644
 791007352
 187758432
 458916422
 263482939
  54316012
 490900865
 438448095
 722154201
  27796232
 391148871
 985271680
 988183877
 865305460
 832002949
 946524069
 644459630
 530986128
  45189984
 869318809
 445415801
 754473921
 468092189
 245160172
 420630079
 999957822
 415888722
 169669592
 299939924
 595822297
 806618562
 113300350
 391785312
 900604462
 372795647
 757877800
 399011093
 977111595
 844986761
 268203031
 765587550
 859857583
 506047892
 899321258
