 589600287
  98824818
 598505981
  17679188
 482799978
 632010282
 315605651
 135016427
 214960958
 808332443
 124641315
 885366260
 655624245
 799524132
 932853896
 520055270
 749144840
 228344159
 781168185
 676173258
 626869198
 384565227
 783998380
 983351698
 914903556
 795171954
 683283713
  20400957
 610734663
 787758574
 767196050
 929245213
 479772578
 650911813
 197389141
 238584821
 323818272
 246761518
 278548215
 323608393
 335127029
 809193176
 182587309
 693755681
 418718562
 439125444
 101103111
  45902218
 752040008
 915611264
 706783172
  75499613
 447197307
 634126092
  72070036
